0.0963798612 0.0993371010 0.0873615071 0.0815836117 0.3877920508 0.0064084064 0.0834934041 0.3740137517 0.0354171544 0.1494361013 0.1528371125 0.0115017826 0.2606714368 0.4744549096 0.1483165622 0.2206320763 0.1398777515 0.1641359329 0.2815310657 0.0000000000 0.2932759225 0.0476868935 0.0855948925 0.1003787816 0.0922112539 0.0552921668 0.1482713819 0.0054043531 0.4435162246 0.0155086713 0.4328835011 0.1769281030 0.2330321670 0.1521428227 0.1466753185 0.2618693113 0.4293144047 0.3100586236 0.1546607018 0.0127648376 0.3189232349 0.1635472775 0.2078730911 0.2221177071 0.3300625384 0.1156660542 0.1177403703 0.2309399098 0.1502494514 0.1255682409 0.0383790843 0.1820617914 0.2332596481 0.0692613423 0.1667573005 0.1699781865 0.3102898598 0.0572776943 0.2287176251 0.0138386879 0.0391775779 0.2830799520 0.1085455716 0.0039492627
0.1976572871 0.1191422045 0.2522881031 0.1490578651 0.2701877058 0.0878423676 0.2756983638 0.4791889191 0.1641344577 0.3628390431 0.2043828964 0.1174154356 0.4809707403 0.3890580833 0.3029669225 0.5279892683 0.3036019206 0.3808859885 0.4424137771 0.1151465774 0.2813186049 0.1782203764 0.2484073192 0.3571254909 0.3553498387 0.1413843185 0.4904890060 0.0014538200 0.6156983376 0.1136715710 0.5570823550 0.4789181054 0.2508915067 0.2796427608 0.3301716149 0.4918105900 0.4098832607 0.4341995716 0.4869071245 0.1439282000 0.4320461750 0.2673348784 0.3876947761 0.2781052589 0.3560824990 0.1689491272 0.1461800784 0.5242239833 0.4597155750 0.1304539740 0.0758246928 0.1779354811 0.4597945213 0.1198887974 0.3007503152 0.4893064499 0.4951821864 0.0630995333 0.4729018509 0.1368443817 0.0647220537 0.3111579418 0.5658910275 0.1461315006
0.2013793886 0.1151586697 0.0808736160 0.1505584121 0.2613907456 0.0104958629 0.1212928668 0.3965028524 0.1145328432 0.1584858596 0.3115137815 0.0431017205 0.4152742922 0.2611014545 0.1656370908 0.3524846137 0.3704025149 0.2205805182 0.4323384762 0.0123379175 0.2043628097 0.1685014367 0.2260487527 0.1405645907 0.1991409510 0.0760086775 0.1556757689 0.0549182892 0.4469267130 0.1773213297 0.6231700778 0.3099648654 0.2368363142 0.0782365501 0.1642220318 0.4474258423 0.4545549452 0.4292964339 0.3161926270 0.2114502639 0.3856853843 0.1993370652 0.3120719194 0.3125012517 0.4540261328 0.1681594849 0.1231467947 0.2796553075 0.2156226486 0.2618054152 0.0311345961 0.1155008823 0.2431125939 0.1964394450 0.3263545334 0.2774386704 0.5575182438 0.1193943769 0.2610499561 0.1648103744 0.0442637354 0.4277570248 0.4230191410 0.1301394254
0.1640157551 0.0808696002 0.0255405158 0.1361644268 0.2054039240 0.0040060370 0.1429305524 0.4144344032 0.0839399770 0.2141141593 0.2684706748 0.0248373747 0.4372423291 0.2300216854 0.1752428263 0.3963812590 0.3193638027 0.2512878478 0.5442459583 0.0000000000 0.1886926144 0.1264462471 0.1630396694 0.1284017563 0.2080568522 0.0436631888 0.2652755082 0.0412275717 0.4130008221 0.1340543926 0.6198819876 0.3411192596 0.2631877065 0.0271312222 0.2561070323 0.4783875346 0.3971570730 0.4166465998 0.4031545222 0.1375298202 0.2980107665 0.1964729279 0.3417889774 0.2628270090 0.4329653680 0.0881306082 0.1018024534 0.2397783995 0.2612163424 0.2492778301 0.0370560475 0.0703926682 0.2846114039 0.1429293603 0.3176967502 0.3311385810 0.6074402332 0.0772838518 0.2471833527 0.2009823024 0.0574315339 0.3884178400 0.4993693829 0.1410985887
0.1824058145 0.0746100917 0.1071108580 0.1523630768 0.1993836462 0.0175163634 0.1914689839 0.2896717787 0.0725977048 0.1362071931 0.2087909877 0.0154345091 0.4246282876 0.1972407848 0.1383464634 0.2832433283 0.2430250645 0.2004999518 0.3443250358 0.0043204711 0.1267235875 0.1169394255 0.1541813463 0.1651652753 0.1609503180 0.0407546982 0.1662519574 0.0115588633 0.3356855214 0.0297415741 0.5392620564 0.2630029023 0.2672733068 0.1340961456 0.2049601227 0.3600085378 0.3772644699 0.3453961909 0.2512947321 0.0626242757 0.2065750062 0.1971407831 0.3007306457 0.3190470636 0.2879976332 0.1477057636 0.0924526677 0.1993159652 0.2238273025 0.1547785848 0.0149354488 0.1912267059 0.2302806675 0.1010230035 0.2334110737 0.2635363340 0.4556087255 0.1016376093 0.2609835565 0.0454894751 0.0506881438 0.3742068410 0.3163918257 0.0426868461
0.1971617639 0.0629379824 0.0827707946 0.0983746201 0.2740737200 0.0038929041 0.1668813825 0.3241545856 0.0523097403 0.1193753779 0.2085047066 0.0176780615 0.4214960337 0.3449884653 0.1380103528 0.3725164533 0.2675641477 0.1861287504 0.3664866388 0.0055672699 0.2081501484 0.1001422554 0.1688441783 0.1557540148 0.0538598299 0.0280073807 0.1542227715 0.0354061313 0.4779842496 0.0358658694 0.5781304240 0.2833741605 0.2843576670 0.1237501055 0.2533555031 0.4486618638 0.4812693000 0.3844258785 0.2605951726 0.0149278836 0.2916238904 0.1579218954 0.3168323934 0.3238043785 0.3431895077 0.0948527604 0.0919237658 0.3031286597 0.2271689326 0.1286562532 0.0135775339 0.1534986645 0.3332324028 0.1139774621 0.2643630803 0.3739204109 0.4720443189 0.0722919628 0.2724636197 0.0075539444 0.0488039069 0.3748131096 0.3416324854 0.0242428035
0.1803358644 0.1352948546 0.0260598287 0.1425427198 0.2054087967 0.0093840882 0.1162740290 0.3839522004 0.0881796926 0.2066548169 0.2465589941 0.0398072042 0.4479734898 0.2753050923 0.1852397472 0.3272630870 0.2707892656 0.2306066602 0.4765276313 0.0055794129 0.1875480711 0.1147376671 0.1895957589 0.1513524055 0.1688227206 0.0833439529 0.2298262715 0.0049024615 0.4900091588 0.1321909279 0.5837736726 0.2935125530 0.2467732131 0.0926525444 0.2498330176 0.4479160309 0.4214391708 0.4146961868 0.3389710188 0.1056579128 0.3294643760 0.1991979629 0.3503565788 0.2910746932 0.3735111952 0.1061950848 0.1202592701 0.2418540120 0.3333405256 0.2097916305 0.0341854841 0.0686959773 0.2919127643 0.1431040764 0.2863324583 0.2920860052 0.5003797412 0.1106039286 0.2953999937 0.1671025157 0.0525903478 0.3976141810 0.4586617351 0.0785145462
0.1754898578 0.1520796120 0.1594683528 0.1110366061 0.2251941860 0.0334212631 0.1342036575 0.2928317189 0.0669745058 0.1770687103 0.2515124977 0.0315664820 0.3549535871 0.1874126643 0.1408988684 0.3417733312 0.2773713470 0.1744979918 0.4506500959 0.0184829235 0.1151740849 0.1387621760 0.1484904289 0.1206910163 0.1157466769 0.0055340771 0.1824061871 0.0350184478 0.4982429445 0.1269157827 0.5166634321 0.2074359059 0.2581071556 0.1490524709 0.1797652245 0.4009860754 0.3012370169 0.3946344554 0.3524886966 0.1047102064 0.3067919016 0.1507654637 0.3033799231 0.2210911810 0.2594308555 0.2269394845 0.1408188790 0.2460541278 0.2372315228 0.2070902586 0.0134722823 0.1788528562 0.2787963748 0.1362356395 0.1726831645 0.2201026976 0.4247408211 0.1749448925 0.2360481918 0.1136239618 0.0437557325 0.3488098681 0.3991594911 0.0915645659
0.1588522643 0.1031353772 0.1180963740 0.2348323613 0.2066802979 0.0224550478 0.3072734773 0.4368330836 0.1243439317 0.3407449126 0.2174661309 0.0819365606 0.4783247709 0.3302392364 0.3247017264 0.4374335110 0.3123541176 0.3894373775 0.4981481135 0.0484945774 0.2556502223 0.1361141801 0.1808814406 0.3442940712 0.2980300486 0.0782040134 0.5366551876 0.0093824482 0.5681509972 0.1377964020 0.5288476944 0.4743272066 0.2580950558 0.1905680895 0.3776447773 0.4031197429 0.4089058340 0.3953638375 0.5089843869 0.1006390080 0.3968232572 0.2503092885 0.3898219466 0.3023355603 0.3618610799 0.0650620833 0.1438446194 0.3839977384 0.4579425752 0.1902087331 0.0371048711 0.1330665648 0.3900921941 0.0947668552 0.3351243436 0.4752413630 0.4900655448 0.0599149615 0.4487696290 0.1787550449 0.0668917894 0.3085597456 0.4976406097 0.0497072749
0.1570594758 0.0832546353 0.0645360947 0.0953012258 0.2459851652 0.0100527098 0.0926889926 0.2715197802 0.0414467826 0.1511179209 0.1941784024 0.0082496358 0.4601499736 0.2290238440 0.1342774332 0.3862538636 0.3114906847 0.2106640488 0.4626411200 0.0000000000 0.1530796885 0.0913706422 0.1397301555 0.1340012550 0.1143918186 0.0287709683 0.2282889932 0.0166017246 0.3671913147 0.0156780258 0.5728015304 0.2897408903 0.2722894549 0.1162869185 0.1951241940 0.4372949302 0.3870724440 0.3608617783 0.3224120438 0.0250844397 0.2530378699 0.1522156298 0.3919227421 0.2408157885 0.2905344665 0.0954193771 0.0975289643 0.2638389766 0.2346689403 0.1587868333 0.0106111197 0.1308566630 0.3045801222 0.0804390609 0.2290792912 0.2993065417 0.4698963761 0.0656011999 0.2745826244 0.0212369822 0.0445850492 0.3715434074 0.4666338563 0.0254604798
0.2121444941 0.0676137209 0.0326605700 0.1652238071 0.2341737896 0.0277334303 0.1350532025 0.2218523324 0.0462861173 0.1195409521 0.2662380040 0.0378660858 0.3844629526 0.1684378088 0.1602931023 0.2905952334 0.2089567631 0.1992042065 0.4082630575 0.0000000000 0.1311076283 0.0865482315 0.1897198260 0.1215444207 0.0921467245 0.0200650450 0.1665576249 0.1000273898 0.3802726865 0.0253927689 0.5558489561 0.2009780407 0.3041116595 0.0992530808 0.1629905701 0.4157881439 0.3972401619 0.3378279507 0.1990254521 0.0224273950 0.2571836710 0.1791872382 0.2841967940 0.3154976666 0.2279567569 0.0373791717 0.1001081094 0.2232401073 0.1856230348 0.1293650270 0.0181261990 0.0762651786 0.2972259521 0.1461774111 0.1602831185 0.2834939063 0.3883144557 0.0535374060 0.2003077567 0.0698212832 0.0529495552 0.3775152564 0.3437914550 0.0770781785
0.1672209799 0.0640541986 0.0609154254 0.1607225388 0.3226247430 0.0152338771 0.1348018944 0.3841919899 0.0431596525 0.1485983580 0.2209302485 0.0607397258 0.4041351080 0.3039531708 0.1586727798 0.3720444143 0.3364709914 0.2412791997 0.4766193032 0.0000000000 0.1888129860 0.1356713623 0.1749793738 0.1084939539 0.2276571244 0.0662038475 0.1474511772 0.0330795720 0.5252723694 0.1040630639 0.6206324100 0.2555404603 0.2562758029 0.0368590690 0.2019697130 0.5013883114 0.4369919896 0.4323236048 0.3137679100 0.1116967201 0.4047751427 0.1686539054 0.3352765739 0.3029468358 0.4155198932 0.1270148307 0.0959743857 0.3457916975 0.2517498136 0.2407663167 0.0467666127 0.1011957377 0.1787832081 0.0863640979 0.3007668853 0.2196474671 0.5208281875 0.1046453565 0.2733290792 0.1740780771 0.0048307017 0.4037421048 0.4452970624 0.1159574836
0.2560417950 0.0782398880 0.0736558288 0.1465314925 0.2528056502 0.0672643855 0.1462910473 0.2572821379 0.0439310409 0.1214757338 0.2168397456 0.0913033560 0.3857311904 0.2566118538 0.1610336006 0.2797236741 0.2242487818 0.2011175901 0.3433488309 0.0172520969 0.1500999629 0.1640540808 0.2068361640 0.1646483392 0.1062762737 0.0381571501 0.1413874030 0.0816602185 0.3937550187 0.0163719766 0.5328928232 0.2599562407 0.2473221123 0.1889696717 0.2020025849 0.3230803609 0.3719297349 0.3424692154 0.2070024908 0.0380827300 0.2656126916 0.1705478281 0.2890917361 0.2740742564 0.2621024847 0.0592468455 0.1416509897 0.2661116719 0.2077103257 0.1270313114 0.0168936457 0.1493601799 0.3206697404 0.0995970145 0.2101889700 0.3495034575 0.4238249063 0.0754763335 0.2496422231 0.0443973169 0.0150934048 0.2918338776 0.2680143714 0.0639686584
0.1159003749 0.0977571458 0.1252811551 0.1802489609 0.2247452736 0.0031365717 0.1822473258 0.4130305946 0.0477555543 0.2492186725 0.1920165122 0.0184546001 0.4577962160 0.2171676755 0.2016155720 0.3584755957 0.3459309340 0.2785613537 0.5323307514 0.0037898631 0.2383217663 0.0912023261 0.1244456172 0.2114759386 0.1889191419 0.0434483700 0.2722493708 0.0139088798 0.5130730271 0.0944828913 0.5709369779 0.3437302113 0.3103157580 0.1127346233 0.2309059650 0.4014815390 0.4109667540 0.4070641398 0.4220678508 0.0733733252 0.3988927901 0.2098891139 0.3665795624 0.3005353510 0.3902434409 0.1648904234 0.0874418318 0.2977281809 0.3311658204 0.1805774420 0.0046674213 0.1225456819 0.2654944062 0.0769037530 0.3217371702 0.3090126514 0.5277870297 0.1311642677 0.3049245775 0.1149136871 0.0232476499 0.3826190829 0.4506102502 0.0536688939
0.1253164858 0.1646432281 0.0548975021 0.1339396536 0.1814917326 0.0134104658 0.1229972616 0.3370645642 0.0663439333 0.2071512341 0.2167816460 0.0206781290 0.3748403490 0.2370239347 0.2154979557 0.3159148693 0.2951320112 0.2522372603 0.4295938313 0.0061032451 0.1741400510 0.0886780396 0.1385124028 0.1650386155 0.1777060032 0.0605239049 0.2776284516 0.0314036161 0.4345294833 0.1406076103 0.5435201526 0.2938242555 0.2625246048 0.0735822171 0.2498750538 0.3652471304 0.3882954717 0.3951402903 0.3138293624 0.1106254458 0.2967093587 0.1858396381 0.3030302525 0.2676268816 0.3815669119 0.0788064227 0.1632468402 0.2704200745 0.3081042469 0.2526445985 0.0252788514 0.0703403279 0.2919275463 0.0944356695 0.2954939008 0.3092437387 0.4914034009 0.1362849921 0.3122329414 0.1467223912 0.0717785284 0.2999226153 0.3926239610 0.0470891558
0.1693128794 0.1165413111 0.0801949576 0.1160158962 0.2896252871 0.0470565408 0.1659342200 0.3499489129 0.0923005641 0.1544650942 0.2225275487 0.0390920863 0.3509078324 0.3849308491 0.1785338074 0.3957753181 0.2455662936 0.1766537279 0.2855962217 0.0261777919 0.2396864593 0.1265147030 0.1386987865 0.1797558069 0.1164347529 0.0443676449 0.1666131020 0.0132196257 0.5709821582 0.0498194806 0.5310728550 0.2932220399 0.2550393045 0.1559496671 0.1926397085 0.3765490055 0.4135289788 0.3647528887 0.2342502773 0.0432156809 0.3605780900 0.1404531300 0.2659362555 0.2760116458 0.2544581890 0.0851992667 0.1341365874 0.3924862146 0.2814635336 0.1414607018 0.0455909371 0.1319521368 0.3580964208 0.1126035973 0.1948297322 0.3701311052 0.4358933568 0.0597874448 0.3055894673 0.0332016572 0.0398189835 0.3170634508 0.2830057144 0.0333205014
0.1769307852 0.1130580083 0.1310308576 0.1374171525 0.2445378155 0.0539694764 0.1559952796 0.4146951139 0.0927405357 0.2240057588 0.2294610292 0.0236538202 0.4630127251 0.2857068181 0.2212489098 0.3675417304 0.3103687763 0.3079388738 0.4505158067 0.0327193178 0.2393078208 0.1933062375 0.1599932015 0.2150806934 0.2146745026 0.0811520964 0.2917856574 0.0039258664 0.5049917698 0.1537606418 0.5812448263 0.3239920139 0.2740472853 0.1638881862 0.2778753042 0.3956028819 0.4041355848 0.3954970241 0.3632205427 0.1505797356 0.3759878874 0.1914938688 0.3235299885 0.2582973242 0.4192119539 0.1621131748 0.0999560133 0.3203678429 0.3544682562 0.2021186352 0.0327600576 0.1787848771 0.2702462077 0.0977243111 0.3417203426 0.3180476129 0.5384264588 0.1108313501 0.3578641415 0.1206909567 0.0589446798 0.3532435000 0.4130073786 0.0630723685
0.1162097901 0.1011081561 0.0749952719 0.1281629056 0.1972172409 0.0000000000 0.1203763038 0.3404209316 0.0319736190 0.1594677866 0.2032156885 0.0037400052 0.4288926721 0.2280311882 0.1539848298 0.3766642511 0.2992679179 0.1975705475 0.4099337459 0.0000000000 0.1781726182 0.0656644702 0.1280629039 0.1445295662 0.1340779960 0.0345899984 0.1713039726 0.0246734805 0.4093019366 0.0690423474 0.5844081044 0.2623327971 0.2383588254 0.0371649638 0.1791730076 0.4087136686 0.3839249909 0.4012329876 0.2869334519 0.0587921068 0.2555212975 0.1913410127 0.3310397863 0.2708090544 0.3353144526 0.1252545267 0.1033157185 0.2399673015 0.2434324771 0.1409470886 0.0060717035 0.1386862397 0.2091073990 0.0935123339 0.2570590377 0.2603945732 0.5230294466 0.0844318122 0.2598819435 0.0644741729 0.0331875831 0.3976390660 0.4670284390 0.0459086262
0.1692593098 0.0744683892 0.0496599190 0.1271314919 0.2148663402 0.0063633323 0.1187148169 0.3249393106 0.0688697770 0.1244628727 0.2356478870 0.0453938097 0.4314558506 0.2709051967 0.1239659935 0.3362087607 0.2816411853 0.2236686051 0.4882143438 0.0000000000 0.1738896966 0.1037122384 0.1850869060 0.1077037901 0.1355706155 0.0416672379 0.1428887397 0.0476290397 0.4207533002 0.1290210634 0.5768833160 0.2397893816 0.2379187942 0.0389984995 0.2017307878 0.4286433458 0.4222193658 0.3885542154 0.2855706215 0.0907125846 0.3154982924 0.1710740626 0.2859776020 0.2777333558 0.3823490739 0.0891459286 0.0951686427 0.2636743784 0.2062236071 0.1903171986 0.0192822050 0.1071516871 0.2456419617 0.1147723347 0.3001600504 0.2566178739 0.4740643203 0.0945480540 0.2267090976 0.1276271790 0.0495367534 0.4516895115 0.4037484527 0.0509565920
0.2112369090 0.1410038322 0.2515030205 0.2797087133 0.2034951150 0.1183855534 0.4208059907 0.5177305937 0.2120059431 0.4744970202 0.2049847990 0.2116447389 0.4836862683 0.3018636703 0.3707109094 0.5422623158 0.4169798195 0.4567534328 0.5008802414 0.1208888888 0.2777687907 0.2135557979 0.2648862898 0.4561720788 0.4187743068 0.1689651310 0.6949038506 0.0408387370 0.5562855005 0.1063652113 0.5143632889 0.4931098819 0.3021135926 0.2042847127 0.4060645401 0.4614821076 0.4104869664 0.4235776663 0.6529881358 0.1112624630 0.4144887328 0.3536169231 0.4353585243 0.2944783568 0.3466186523 0.1867929399 0.1043885052 0.5606017113 0.6060334444 0.1717635393 0.1153485626 0.1678062975 0.4185857773 0.0972877741 0.3247950673 0.5536286831 0.5609545708 0.0983007327 0.5903007984 0.2444607317 0.1326467693 0.2894608080 0.6740463376 0.2176422775
0.1500910521 0.1124576852 0.0682977587 0.1501101404 0.2204336822 0.0146490457 0.1264074296 0.3435410559 0.0739185140 0.1348908246 0.2121267021 0.0216737017 0.4086200595 0.2516373992 0.1482890397 0.3484336734 0.2929640710 0.1982444674 0.4032371044 0.0050503388 0.1755070239 0.0960003212 0.1621666253 0.1248100623 0.1598535478 0.0175526906 0.1454056203 0.0185932368 0.4278694391 0.1041915566 0.5601512790 0.2727737427 0.2386516929 0.0543333068 0.2405911237 0.4097294509 0.4052138627 0.3827929497 0.2446640283 0.0874588788 0.2859091461 0.1633180529 0.2903719544 0.2664774060 0.3266313970 0.1764635593 0.1146041304 0.2600999773 0.2430406660 0.1802680492 0.0311288014 0.1713726670 0.1743264496 0.1025248319 0.2622558475 0.2354212850 0.5042461157 0.1083272398 0.2460723519 0.0782070458 0.0620122701 0.3778361082 0.4320194125 0.0097571434
0.1307120025 0.1171921417 0.0680643246 0.1569456756 0.2448798418 0.0074014403 0.1304046363 0.4041974545 0.0664870143 0.1904801428 0.1869232506 0.0339610130 0.4090729952 0.2410119176 0.2243417203 0.3552764058 0.3077629507 0.2425800562 0.4578239918 0.0000000000 0.2132879496 0.1057735011 0.1233726293 0.1740678698 0.1370941997 0.0740488172 0.2419411093 0.0196844339 0.5440334082 0.0991002619 0.6049319506 0.3153669536 0.2724361122 0.0792625546 0.1957981139 0.4404667616 0.4113618731 0.3508194089 0.3558652103 0.1005431414 0.3572231531 0.1570138186 0.3541321754 0.2737959325 0.3284720182 0.1325332224 0.1225331128 0.2810354233 0.3570882976 0.1821740121 0.0381886549 0.0937212184 0.3401608467 0.0870143995 0.2583943605 0.3768652678 0.5090956092 0.1191612333 0.3194338083 0.1013859361 0.0614305213 0.4017876983 0.4828209281 0.0452529229
0.1365852952 0.1051925570 0.0698591471 0.1116058230 0.2160709649 0.0012614699 0.0900882632 0.3144249320 0.0563303046 0.1397417486 0.2050923407 0.0230919644 0.3254946470 0.2793402970 0.1699453741 0.3759416640 0.2073149830 0.1724056751 0.3648819625 0.0108100371 0.2125980407 0.0786536187 0.1150441393 0.1497316509 0.1092517152 0.0320814028 0.2260071784 0.0094153909 0.4210901856 0.0405736528 0.5741493702 0.2879230678 0.2715786695 0.0866952240 0.1401917338 0.4240521193 0.4087361395 0.3203258514 0.2648835778 0.0362980887 0.2434456050 0.0858609080 0.2702805698 0.2266913056 0.3348133862 0.0696516857 0.1389243901 0.2815594077 0.2147032022 0.2273840904 0.0309023485 0.0790620595 0.3217822909 0.1094090044 0.2417628765 0.3008985519 0.4456272423 0.0516639501 0.2710370123 0.0063145268 0.0606291294 0.3086844087 0.3433488309 0.0392136835
0.1377507746 0.0896721408 0.0944599360 0.1319739074 0.2558068633 0.0056468956 0.1836711168 0.3826026022 0.0594476163 0.1893080175 0.2204735577 0.0134411724 0.4521154165 0.3302965164 0.2011345476 0.3676599860 0.2532294691 0.3098658323 0.4290319681 0.0091605745 0.1872078031 0.1488256305 0.1323427707 0.2248957753 0.1427731663 0.0211162120 0.2879980803 0.0074278014 0.4748042822 0.0657758266 0.5673826933 0.3506423533 0.2272620797 0.0904395506 0.2818517089 0.3607480228 0.3943506777 0.4351392388 0.3158931434 0.1036995873 0.3153462410 0.1807260513 0.3134455979 0.3042085171 0.3577919602 0.1283856928 0.1239064932 0.2921331227 0.3173418641 0.1660039127 0.0204155054 0.1571926475 0.2533459961 0.0723442435 0.3003271520 0.2774916887 0.5303246975 0.1003249586 0.2737807035 0.0804938674 0.0438637026 0.3643323183 0.3269990683 0.0404879153
0.1937539726 0.1021753252 0.0581929460 0.0869999826 0.1811814904 0.0172087755 0.1025867462 0.2601677477 0.0865207613 0.0969526470 0.2133375257 0.0589320548 0.3807514608 0.1915944517 0.1071730480 0.3851424456 0.2720971704 0.1625054777 0.3755055964 0.0118042827 0.1779401302 0.0710783750 0.1761509925 0.1124066338 0.0617152415 0.0705966353 0.1345398873 0.0223937016 0.3129875362 0.0515449569 0.5646981597 0.2831423581 0.2434068918 0.1072291881 0.1545132697 0.3020497262 0.3858062923 0.3466606140 0.2245999426 0.0551484637 0.1674425006 0.1195824221 0.2868353426 0.2560003996 0.3146073818 0.0908779949 0.1551599354 0.2395275831 0.1997145712 0.1293484867 0.0470458567 0.1255499572 0.2471691668 0.1053455174 0.2424395978 0.2287443876 0.4528015554 0.0662822425 0.2115487307 0.0246113576 0.0762386024 0.3127807081 0.3786885142 0.0360628814
0.1890334934 0.1224737316 0.1945825815 0.2626532912 0.1698006988 0.0209727399 0.2869522870 0.4402697980 0.1702964306 0.3889346123 0.2265652716 0.2254860103 0.3835279644 0.1344326437 0.2033443153 0.2626614273 0.4871678352 0.3513796329 0.4786896408 0.0751904920 0.1487894058 0.1175757945 0.2023461163 0.3428894281 0.4267038405 0.1737031043 0.4373664856 0.0446961373 0.3863298893 0.0947018042 0.4923866391 0.2318471968 0.2364295721 0.1399414390 0.3035134673 0.3411300778 0.2776738703 0.4544392228 0.5239364505 0.1287721545 0.3822885156 0.3175601959 0.3891706169 0.2667983472 0.3160502613 0.0861339346 0.1788510978 0.2279665768 0.4658133388 0.1856098771 0.1017593443 0.1008230746 0.2504013479 0.1356822997 0.1918706894 0.3715727031 0.4876646101 0.0134190358 0.4049699008 0.0691567063 0.0953553170 0.3891803324 0.6043865681 0.1687037349
0.2584144175 0.1204333827 0.0948868990 0.0885596201 0.2662481070 0.0692053586 0.1280190200 0.3182106316 0.0768527836 0.1098175794 0.3187176585 0.0703175887 0.2972376645 0.3570937216 0.1447274983 0.3779587448 0.1819306314 0.1642613560 0.2870291471 0.0436474457 0.2450775653 0.1411672831 0.2249564528 0.1020528525 0.0805811435 0.0489734635 0.1056596339 0.0551733449 0.4775440097 0.0546923839 0.5413123369 0.2762627900 0.2445780635 0.1696751714 0.1602598429 0.3431675434 0.4661563039 0.3226986527 0.2324413508 0.0837629884 0.2880624235 0.1210335419 0.1918314397 0.3018673658 0.3417984545 0.1061814129 0.1589819789 0.3143748045 0.1842475533 0.1842877716 0.0525807850 0.1244974434 0.3135136962 0.1827946305 0.2379160821 0.2945343256 0.4773809910 0.0267733838 0.2254355550 0.0376665741 0.0609244592 0.2932961583 0.2674427032 0.0668366998
0.2306209207 0.0781720653 0.0809000731 0.1256226003 0.2686759233 0.0445849970 0.1489955783 0.2716873288 0.0672186315 0.1192628443 0.2695607245 0.0689762756 0.3867458105 0.3221109509 0.1419921219 0.3396353126 0.2524432242 0.1915132254 0.3416164517 0.0047363648 0.1754229963 0.1719589382 0.2090928853 0.1521273553 0.0615312867 0.0397798866 0.1303461641 0.0256863330 0.4692184925 0.0406213701 0.5614826679 0.2649171054 0.2571113706 0.1455522031 0.2243850529 0.4269576967 0.4317507744 0.3676701486 0.2241656631 0.0828977153 0.2844269574 0.1661169529 0.3076115847 0.3023074865 0.3149735630 0.0929461494 0.1026730984 0.2613813877 0.2208468318 0.1255751550 0.0526580364 0.1241880432 0.2744067311 0.1529574990 0.2502743304 0.2980703413 0.4695948064 0.0627498031 0.2722547054 0.0351202749 0.0655326918 0.3093220294 0.2895467579 0.0541341789
0.1948716193 0.1363174915 0.1021760032 0.1241543964 0.2277030200 0.0686625019 0.1570281982 0.4735097289 0.1474276185 0.3125637472 0.2647213936 0.1092685238 0.4319308102 0.2258606255 0.1677318811 0.3126760125 0.3827829063 0.2865446508 0.4513401985 0.0062273340 0.1584634930 0.2080323696 0.1788419932 0.2027725279 0.3028219342 0.1768073589 0.3317921460 0.0239956714 0.4277417064 0.1389833689 0.5517344475 0.2572033107 0.2408934832 0.1280315518 0.2243725806 0.3765549660 0.3677232265 0.3970882893 0.4697237015 0.2097247690 0.3877966404 0.2145198137 0.3326151669 0.2695246339 0.3640878797 0.1247933209 0.1325053126 0.2643251121 0.3839892149 0.2507989705 0.0719682276 0.0916634053 0.2871387005 0.1427668333 0.2461809665 0.3424212337 0.5391873717 0.0686745793 0.3069671690 0.2006335706 0.0531312786 0.3668942153 0.4912415445 0.1408378184
0.1815704852 0.0726038441 0.0719652921 0.1115730777 0.2582384050 0.0036570262 0.1056790128 0.3081487417 0.0460706502 0.1216438562 0.2226330787 0.0076522878 0.3411206305 0.2459036261 0.1151927114 0.3139883578 0.2461349666 0.1631236076 0.3151478767 0.0093910890 0.1857077330 0.1193940267 0.1735138446 0.1172706932 0.0890734419 0.0308250189 0.1255696714 0.0161011424 0.3762749434 0.0230164640 0.5416375995 0.3063964546 0.2227298319 0.0843683705 0.1403351277 0.3379190266 0.3959639370 0.3271996677 0.2475372553 0.0681851059 0.2333424985 0.1409401149 0.2335610092 0.2593909800 0.3026133776 0.1029602140 0.0962200463 0.2065421045 0.1886737794 0.1358106434 0.0163583104 0.1587971747 0.3101604283 0.1210060790 0.2186674923 0.2743670940 0.4868354201 0.0617891401 0.2094443589 0.0132041797 0.0310775694 0.3924504817 0.3187279105 0.0508363135
0.1045472622 0.0869391859 0.0824670121 0.1570178419 0.2464362979 0.0134373195 0.1664011031 0.3575921357 0.0486310944 0.1336919665 0.1731332541 0.0153753916 0.3865646720 0.3051437140 0.1973730028 0.2994177341 0.2606406212 0.2068424225 0.3627831936 0.0000000000 0.1914026886 0.0803527832 0.1034444049 0.1626160890 0.1382719427 0.0252071172 0.2035193741 0.0121217156 0.5162832141 0.0308561940 0.5724874735 0.2883296609 0.3100142181 0.0670164227 0.2161978185 0.3815909028 0.4134562314 0.3739042282 0.2362529635 0.0648620278 0.3018354475 0.1584256887 0.3142398596 0.2842053473 0.3639256358 0.1069353372 0.1020465344 0.2845514119 0.2668856382 0.1760485172 0.0321531221 0.1366319209 0.3434722722 0.0763286129 0.2689534724 0.2919592857 0.4622204900 0.0941771194 0.3013192415 0.0518615954 0.0175011214 0.3258498013 0.2982923985 0.0143569913
0.1265064329 0.0841720551 0.0973122865 0.1523025632 0.2741518021 0.0287860241 0.1740209013 0.3906272948 0.0527559854 0.2264823914 0.1599892676 0.0257811993 0.4591210485 0.2988900244 0.2217741907 0.3861479759 0.2381193638 0.2684769034 0.4279134274 0.0164832696 0.1965410709 0.1316177100 0.1194665357 0.1772445291 0.1864348054 0.0821590945 0.2916778922 0.0145093296 0.5477905273 0.0854213163 0.5258026719 0.3473305702 0.2590115666 0.1073916778 0.2513231635 0.3698957264 0.3564366698 0.4068056345 0.3154876530 0.0767201334 0.3903271556 0.1642412394 0.3466935754 0.2565088272 0.3478613496 0.1453388035 0.1142395139 0.3738757670 0.2731242776 0.1382828057 0.0286087450 0.1743662208 0.2386933714 0.0562919155 0.2773248255 0.2834611237 0.5188024044 0.1220048815 0.2640694678 0.0851161852 0.0267882720 0.3405219913 0.3395204544 0.0273344964
