0.0963799357 0.0993371457 0.0873614997 0.0815836117 0.3877921700 0.0064084181 0.0834934115 0.3740137219 0.0354171284 0.1494360715 0.1528371125 0.0115017910 0.2606713474 0.4744549394 0.1483165324 0.2206322551 0.1398777068 0.1641359776 0.2815311253 0.0000000000 0.2932759523 0.0476869121 0.0855949372 0.1003787667 0.0922112092 0.0552921966 0.1482713819 0.0054043490 0.4435162544 0.0155086787 0.4328834116 0.1769280881 0.2330321074 0.1521428227 0.1466753930 0.2618694007 0.4293144643 0.3100586534 0.1546607167 0.0127648441 0.3189234138 0.1635471582 0.2078731358 0.2221176922 0.3300625384 0.1156660840 0.1177403405 0.2309399843 0.1502495259 0.1255682111 0.0383790806 0.1820617467 0.2332596481 0.0692613572 0.1667572856 0.1699782610 0.3102898896 0.0572776608 0.2287176102 0.0138387028 0.0391776003 0.2830799818 0.1085456088 0.0039492887
0.1976572573 0.1191422641 0.2522881329 0.1490577906 0.2701877356 0.0878422633 0.2756983340 0.4791888595 0.1641343534 0.3628390729 0.2043828666 0.1174154505 0.4809706509 0.3890581727 0.3029669523 0.5279892683 0.3036017716 0.3808860183 0.4424138069 0.1151466370 0.2813186049 0.1782203317 0.2484072149 0.3571254313 0.3553498387 0.1413841993 0.4904890060 0.0014538487 0.6156983376 0.1136715114 0.5570824146 0.4789181948 0.2508915663 0.2796427906 0.3301715553 0.4918107092 0.4098833799 0.4341995418 0.4869071841 0.1439281851 0.4320461452 0.2673349082 0.3876946270 0.2781053185 0.3560824990 0.1689490676 0.1461800635 0.5242240429 0.4597156644 0.1304540187 0.0758246705 0.1779353321 0.4597944617 0.1198888123 0.3007503152 0.4893064499 0.4951822162 0.0630994961 0.4729018807 0.1368443966 0.0647220090 0.3111578822 0.5658909082 0.1461314410
0.2013793886 0.1151586175 0.0808736086 0.1505583823 0.2613906860 0.0104958555 0.1212928146 0.3965029716 0.1145327687 0.1584858149 0.3115138113 0.0431017205 0.4152742624 0.2611013353 0.1656370461 0.3524845541 0.3704024553 0.2205804586 0.4323384464 0.0123379296 0.2043627799 0.1685014814 0.2260488570 0.1405645311 0.1991409659 0.0760086477 0.1556757092 0.0549183041 0.4469268322 0.1773212552 0.6231701374 0.3099648058 0.2368362546 0.0782364681 0.1642219722 0.4474256933 0.4545548260 0.4292962551 0.3161926866 0.2114503384 0.3856853843 0.1993370354 0.3120719492 0.3125010729 0.4540260136 0.1681594849 0.1231467947 0.2796552479 0.2156226039 0.2618053555 0.0311345235 0.1155008525 0.2431125790 0.1964394450 0.3263545036 0.2774386406 0.5575183034 0.1193943098 0.2610499263 0.1648102701 0.0442636907 0.4277570844 0.4230189919 0.1301394403
0.1640158147 0.0808696374 0.0255405270 0.1361644417 0.2054038942 0.0040060487 0.1429306269 0.4144343138 0.0839399844 0.2141142786 0.2684706748 0.0248373915 0.4372425675 0.2300216407 0.1752428412 0.3963811994 0.3193639219 0.2512878478 0.5442461371 0.0000000000 0.1886926144 0.1264462322 0.1630397141 0.1284018308 0.2080568969 0.0436632857 0.2652755380 0.0412276462 0.4130008221 0.1340543330 0.6198819280 0.3411192298 0.2631876767 0.0271311793 0.2561070323 0.4783876836 0.3971571624 0.4166466594 0.4031544626 0.1375298649 0.2980108261 0.1964729577 0.3417891264 0.2628270984 0.4329653978 0.0881306529 0.1018024832 0.2397782952 0.2612164617 0.2492778003 0.0370560922 0.0703926980 0.2846114039 0.1429293305 0.3176968098 0.3311385214 0.6074404120 0.0772838518 0.2471833527 0.2009823620 0.0574315786 0.3884179592 0.4993693233 0.1410986632
0.1824057847 0.0746100545 0.1071108580 0.1523631513 0.1993836910 0.0175163485 0.1914690137 0.2896717191 0.0725977197 0.1362072527 0.2087909877 0.0154345045 0.4246282578 0.1972407997 0.1383465677 0.2832433581 0.2430250645 0.2004999369 0.3443249762 0.0043204464 0.1267235428 0.1169394702 0.1541813761 0.1651653200 0.1609503776 0.0407546684 0.1662518829 0.0115588587 0.3356856406 0.0297415853 0.5392620564 0.2630029023 0.2672732472 0.1340961456 0.2049600482 0.3600085080 0.3772644103 0.3453962207 0.2512946725 0.0626242161 0.2065749615 0.1971406788 0.3007306457 0.3190471530 0.2879976630 0.1477057338 0.0924525782 0.1993159205 0.2238273323 0.1547786146 0.0149354376 0.1912267208 0.2302806526 0.1010230631 0.2334110290 0.2635363340 0.4556088448 0.1016376540 0.2609834969 0.0454895347 0.0506881587 0.3742069304 0.3163916171 0.0426869206
0.1971617639 0.0629379898 0.0827707872 0.0983745828 0.2740736902 0.0038929158 0.1668813527 0.3241545260 0.0523097590 0.1193753332 0.2085046619 0.0176779926 0.4214959741 0.3449884057 0.1380102932 0.3725162745 0.2675641179 0.1861287057 0.3664866090 0.0055672657 0.2081500888 0.1001422107 0.1688441336 0.1557538658 0.0538598411 0.0280073807 0.1542226970 0.0354061313 0.4779841602 0.0358658507 0.5781304836 0.2833742201 0.2843576670 0.1237501130 0.2533554435 0.4486617446 0.4812693894 0.3844258189 0.2605951428 0.0149278957 0.2916238308 0.1579218656 0.3168321550 0.3238042593 0.3431895077 0.0948526934 0.0919237211 0.3031285107 0.2271688581 0.1286562383 0.0135775246 0.1534986198 0.3332321346 0.1139774993 0.2643630207 0.3739204109 0.4720443189 0.0722919628 0.2724634707 0.0075539444 0.0488039963 0.3748131394 0.3416324854 0.0242427755
0.1803359389 0.1352948695 0.0260598250 0.1425426453 0.2054087073 0.0093841162 0.1162740439 0.3839521110 0.0881797448 0.2066548467 0.2465589792 0.0398072042 0.4479733706 0.2753051519 0.1852396876 0.3272629082 0.2707893252 0.2306066602 0.4765274525 0.0055794003 0.1875481009 0.1147377938 0.1895958483 0.1513523310 0.1688227355 0.0833440125 0.2298260927 0.0049024411 0.4900090694 0.1321909875 0.5837736130 0.2935125828 0.2467732579 0.0926525295 0.2498329133 0.4479160309 0.4214391112 0.4146960676 0.3389708698 0.1056579649 0.3294642568 0.1991979480 0.3503564596 0.2910745740 0.3735112250 0.1061950773 0.1202592850 0.2418539375 0.3333403766 0.2097915858 0.0341855139 0.0686959550 0.2919127047 0.1431041658 0.2863324881 0.2920859456 0.5003796220 0.1106039062 0.2953999341 0.1671024859 0.0525903553 0.3976140916 0.4586617351 0.0785145834
0.1754899472 0.1520797163 0.1594683081 0.1110366061 0.2251942307 0.0334212892 0.1342037171 0.2928316295 0.0669745579 0.1770686209 0.2515125275 0.0315664709 0.3549535275 0.1874127090 0.1408988386 0.3417737186 0.2773713768 0.1744980216 0.4506500065 0.0184829198 0.1151739657 0.1387622505 0.1484903544 0.1206910014 0.1157465577 0.0055340384 0.1824061722 0.0350185297 0.4982430339 0.1269158423 0.5166633725 0.2074359953 0.2581073642 0.1490524411 0.1797652245 0.4009863436 0.3012371361 0.3946344852 0.3524886072 0.1047102213 0.3067920208 0.1507654935 0.3033797741 0.2210912406 0.2594307363 0.2269395441 0.1408189535 0.2460542917 0.2372315377 0.2070902884 0.0134722572 0.1788528711 0.2787964344 0.1362355947 0.1726830751 0.2201028764 0.4247407913 0.1749449074 0.2360481322 0.1136238724 0.0437557288 0.3488096893 0.3991594315 0.0915645063
0.1588522792 0.1031353250 0.1180963665 0.2348323911 0.2066802531 0.0224551335 0.3072735965 0.4368329942 0.1243439019 0.3407448828 0.2174661160 0.0819365606 0.4783246815 0.3302392960 0.3247016966 0.4374334812 0.3123539984 0.3894372284 0.4981480539 0.0484946370 0.2556502521 0.1361141503 0.1808813512 0.3442940414 0.2980299592 0.0782039613 0.5366550088 0.0093823951 0.5681509972 0.1377963126 0.5288477540 0.4743272364 0.2580950260 0.1905681342 0.3776447773 0.4031198621 0.4089058638 0.3953639269 0.5089843869 0.1006389558 0.3968232870 0.2503092587 0.3898217976 0.3023355901 0.3618611693 0.0650620759 0.1438445896 0.3839976788 0.4579423666 0.1902087033 0.0371048488 0.1330665946 0.3900921941 0.0947668031 0.3351243138 0.4752413630 0.4900655448 0.0599148348 0.4487695694 0.1787549406 0.0668917820 0.3085596263 0.4976405203 0.0497073717
0.1570595056 0.0832546204 0.0645361096 0.0953012034 0.2459851354 0.0100527368 0.0926889777 0.2715198398 0.0414467566 0.1511180699 0.1941784173 0.0082496479 0.4601500630 0.2290239185 0.1342774034 0.3862539530 0.3114905059 0.2106641084 0.4626412392 0.0000000000 0.1530796885 0.0913706869 0.1397301406 0.1340012848 0.1143917963 0.0287709832 0.2282890528 0.0166017339 0.3671914339 0.0156780146 0.5728014708 0.2897408307 0.2722894847 0.1162869781 0.1951242834 0.4372948408 0.3870725334 0.3608618379 0.3224121332 0.0250844751 0.2530378699 0.1522158086 0.3919228315 0.2408157438 0.2905344963 0.0954193994 0.0975289643 0.2638390064 0.2346689403 0.1587868929 0.0106111402 0.1308566928 0.3045800626 0.0804390982 0.2290792465 0.2993066013 0.4698963463 0.0656011254 0.2745826542 0.0212370940 0.0445850417 0.3715433776 0.4666338265 0.0254604444
0.2121445090 0.0676137581 0.0326605365 0.1652238667 0.2341737002 0.0277333744 0.1350532025 0.2218522877 0.0462861136 0.1195410118 0.2662379742 0.0378660411 0.3844628930 0.1684377491 0.1602930278 0.2905953526 0.2089567930 0.1992041916 0.4082630873 0.0000000000 0.1311076283 0.0865482241 0.1897198409 0.1215444282 0.0921466947 0.0200650450 0.1665576100 0.1000273749 0.3802726269 0.0253927559 0.5558488965 0.2009780407 0.3041116595 0.0992530882 0.1629905999 0.4157881737 0.3972401321 0.3378279805 0.1990254372 0.0224274397 0.2571836710 0.1791872084 0.2841967940 0.3154977560 0.2279567420 0.0373791493 0.1001080573 0.2232401073 0.1856230646 0.1293649375 0.0181262270 0.0762651488 0.2972260416 0.1461774409 0.1602831483 0.2834939063 0.3883143663 0.0535374209 0.2003076822 0.0698211938 0.0529495403 0.3775154650 0.3437915444 0.0770782381
0.1672210097 0.0640541911 0.0609154291 0.1607225537 0.3226247132 0.0152338650 0.1348019242 0.3841919899 0.0431596711 0.1485984325 0.2209301293 0.0607397482 0.4041349590 0.3039531112 0.1586727500 0.3720444441 0.3364712000 0.2412792742 0.4766194224 0.0000000000 0.1888130009 0.1356714070 0.1749793738 0.1084940135 0.2276570946 0.0662038997 0.1474511921 0.0330796055 0.5252723098 0.1040630937 0.6206322908 0.2555404007 0.2562757730 0.0368590765 0.2019697130 0.5013883114 0.4369920492 0.4323236942 0.3137677908 0.1116967425 0.4047751129 0.1686538309 0.3352766037 0.3029468656 0.4155198932 0.1270148307 0.0959744155 0.3457916677 0.2517497838 0.2407663465 0.0467666388 0.1011957377 0.1787832379 0.0863640979 0.3007668853 0.2196474522 0.5208281279 0.1046453789 0.2733291984 0.1740780175 0.0048307087 0.4037420750 0.4452970326 0.1159574166
0.2560419440 0.0782398880 0.0736558288 0.1465314627 0.2528057694 0.0672643632 0.1462909877 0.2572821677 0.0439310931 0.1214757264 0.2168397605 0.0913033932 0.3857312500 0.2566119730 0.1610336155 0.2797237039 0.2242487222 0.2011175156 0.3433489203 0.0172521304 0.1500999331 0.1640540212 0.2068362236 0.1646483094 0.1062763259 0.0381571688 0.1413874328 0.0816602111 0.3937550187 0.0163720101 0.5328927040 0.2599562407 0.2473221421 0.1889697909 0.2020025998 0.3230805397 0.3719297051 0.3424692750 0.2070024461 0.0380827859 0.2656126320 0.1705478430 0.2890917063 0.2740740478 0.2621025443 0.0592468381 0.1416509897 0.2661117315 0.2077103257 0.1270314008 0.0168936402 0.1493601501 0.3206697106 0.0995970666 0.2101890445 0.3495035172 0.4238247573 0.0754763782 0.2496421337 0.0443974137 0.0150933899 0.2918339670 0.2680144310 0.0639686212
0.1159004867 0.0977571979 0.1252811551 0.1802490205 0.2247452587 0.0031365484 0.1822474003 0.4130303860 0.0477555767 0.2492185980 0.1920165271 0.0184545740 0.4577960968 0.2171676457 0.2016155422 0.3584756553 0.3459307551 0.2785613537 0.5323306322 0.0037898549 0.2383217067 0.0912023112 0.1244455576 0.2114759088 0.1889190376 0.0434484556 0.2722493410 0.0139088556 0.5130730271 0.0944829062 0.5709369183 0.3437303305 0.3103157580 0.1127347574 0.2309059352 0.4014815092 0.4109666646 0.4070640802 0.4220677614 0.0733733028 0.3988927305 0.2098892480 0.3665793836 0.3005353212 0.3902435005 0.1648904234 0.0874418393 0.2977283001 0.3311657310 0.1805775166 0.0046674330 0.1225456297 0.2654944360 0.0769037455 0.3217371404 0.3090127409 0.5277869105 0.1311642975 0.3049246073 0.1149137020 0.0232476220 0.3826189339 0.4506101906 0.0536688417
0.1253163815 0.1646433473 0.0548974946 0.1339397281 0.1814917773 0.0134104658 0.1229973659 0.3370645046 0.0663439855 0.2071512341 0.2167817205 0.0206781402 0.3748403192 0.2370239496 0.2154979408 0.3159149289 0.2951321602 0.2522373199 0.4295937717 0.0061032041 0.1741400212 0.0886780322 0.1385123879 0.1650385112 0.1777059287 0.0605239347 0.2776283026 0.0314036012 0.4345297217 0.1406076550 0.5435202122 0.2938243151 0.2625247836 0.0735821575 0.2498750091 0.3652472794 0.3882955313 0.3951403499 0.3138294220 0.1106254905 0.2967094183 0.1858397126 0.3030304909 0.2676269114 0.3815668821 0.0788064450 0.1632468700 0.2704202831 0.3081043065 0.2526445389 0.0252788663 0.0703403577 0.2919276357 0.0944357663 0.2954938412 0.3092436790 0.4914033115 0.1362849623 0.3122330010 0.1467223912 0.0717786103 0.2999224961 0.3926239610 0.0470891409
0.1693128645 0.1165412813 0.0801949799 0.1160159782 0.2896251976 0.0470565334 0.1659343094 0.3499489427 0.0923005939 0.1544650942 0.2225276232 0.0390920974 0.3509078324 0.3849308491 0.1785338670 0.3957753778 0.2455664575 0.1766536534 0.2855961919 0.0261777751 0.2396864295 0.1265146881 0.1386987865 0.1797558516 0.1164347306 0.0443676524 0.1666131467 0.0132196369 0.5709820986 0.0498194806 0.5310728550 0.2932220697 0.2550393939 0.1559496671 0.1926397383 0.3765491247 0.4135289490 0.3647528291 0.2342503518 0.0432157069 0.3605781198 0.1404531896 0.2659361660 0.2760117650 0.2544582188 0.0851992890 0.1341364980 0.3924862742 0.2814636230 0.1414607167 0.0455909334 0.1319521666 0.3580965102 0.1126035899 0.1948297173 0.3701311648 0.4358933270 0.0597875193 0.3055895269 0.0332016498 0.0398190059 0.3170633018 0.2830057442 0.0333205052
