3.1349391937 -2.9137074947
4.8286108971 -4.4871621132
3.4723207951 -3.2207243443
4.0800046921 -3.8936393261
3.2516000271 -3.0077626705
4.0057663918 -3.7560307980
3.8952891827 -3.6439032555
2.7524511814 -2.5402581692
5.1268715858 -4.8671388626
3.8532040119 -3.6731128693
3.1612992287 -2.9755759239
4.0313868523 -3.8285911083
3.0362613201 -2.8101451397
4.5332403183 -4.3176398277
3.6716368198 -3.4620409012
3.6992683411 -3.4443995953
4.0321888924 -3.7538936138
3.8297002316 -3.6279809475
3.6140682697 -3.4052093029
5.2918171883 -4.9340724945
3.4929010868 -3.2667834759
4.1821312904 -3.9529745579
3.4933319092 -3.3257253170
4.1615743637 -3.9322540760
2.8824365139 -2.6922478676
4.0609240532 -3.7854428291
2.7869513035 -2.5795273781
3.3021802902 -3.0627627373
3.6290705204 -3.3565814495
3.1951413155 -3.0082519054
4.0279049873 -3.8052973747
4.1487827301 -3.9255745411
