3.1327843666 -2.9128496647
4.8250656128 -4.4856905937
3.4730272293 -3.2208476067
4.0829353333 -3.8959674835
3.2493841648 -3.0071284771
4.0052928925 -3.7563099861
3.8942284584 -3.6435451508
2.7493777275 -2.5374991894
5.1211466789 -4.8631291389
3.8541426659 -3.6749622822
3.1609544754 -2.9760093689
4.0288190842 -3.8259749413
3.0315620899 -2.8064951897
4.5302038193 -4.3149580956
3.6694173813 -3.4596576691
3.6976454258 -3.4431006908
4.0302343369 -3.7529911995
3.8295764923 -3.6288080215
3.6118328571 -3.4031937122
5.2905359268 -4.9339742661
3.4884557724 -3.2637131214
4.1796789169 -3.9504337311
3.4918327332 -3.3245959282
4.1605863571 -3.9331803322
2.8812766075 -2.6910824776
4.0579700470 -3.7833824158
2.7865872383 -2.5790076256
3.3005704880 -3.0616447926
3.6266980171 -3.3540234566
3.1939475536 -3.0071411133
4.0278968811 -3.8059966564
4.1447706223 -3.9225463867
