-6.6468710899 7.0998086929
3.6856834888 -3.4665167332
-6.5272922516 7.0316023827
3.8276255131 -3.5642042160
-5.5660614967 5.9882869720
3.6285715103 -3.3182578087
-6.2790198326 6.7500085831
3.5877225399 -3.3152844906
-6.4082279205 6.9039244652
4.5063247681 -4.2123284340
-5.9539752007 6.4232997894
2.6103560925 -2.3430993557
-4.7415356636 5.1145391464
4.2265114784 -3.9714858532
-5.7317137718 6.1998996735
4.9810223579 -4.6658911705
4.5475440025 -4.1675190926
3.4367101192 -3.0915586948
4.1466464996 -3.8448169231
3.2549433708 -2.9156236649
2.1396605968 -1.8660806417
4.1528687477 -3.8575754166
3.6443872452 -3.3657195568
3.2210724354 -3.0337424278
2.9753956795 -2.7066495419
4.0438561440 -3.7556915283
-6.8944754601 7.3827347755
4.2016682625 -3.8445129395
-7.1666989326 7.7155737877
3.3690919876 -3.1217091084
-5.2650504112 5.6591844559
-2.3301901817 2.6110255718
