-6.6495351791 7.1046667099
3.6834793091 -3.4672555923
-6.5239796638 7.0290365219
3.8250846863 -3.5640015602
-5.5694184303 5.9930467606
3.6278152466 -3.3192052841
-6.2799978256 6.7526917458
3.5869255066 -3.3157730103
-6.4029278755 6.8998050690
4.5070285797 -4.2151718140
-5.9562716484 6.4268522263
2.6081895828 -2.3437376022
-4.7417697906 5.1157464981
4.2246723175 -3.9708337784
-5.7359719276 6.2060070038
4.9764485359 -4.6647210121
4.5442295074 -4.1659059525
3.4388389587 -3.0963916779
4.1448326111 -3.8454093933
3.2527294159 -2.9154510498
2.1397199631 -1.8686113358
4.1526918411 -3.8583307266
3.6431875229 -3.3657040596
3.2207579613 -3.0348582268
2.9750146866 -2.7080717087
4.0416564941 -3.7552556992
-6.8959078789 7.3868336678
4.1994209290 -3.8435649872
-7.1748714447 7.7255063057
3.3708019257 -3.1263093948
-5.2636961937 5.6587395668
-2.3289699554 2.6107459068
