0.6123116612 0.5102049112 0.1898954660 0.0424265638 0.1104357988 0.6207477450 0.0885259882 0.1043256447 0.5293643475 0.0354941078 0.6481891870 0.3828695714 0.0494884849 0.0834450945 0.0596069917 0.0885687694 0.0283737406 0.0621898547 0.0906533524 0.5333765149 0.0888446867 0.4957292080 0.5038863420 0.0416845977 0.1090488359 0.5410889983 0.0377586670 0.4229050875 0.0296789296 0.4891841412 0.2037287354 0.0769576505 0.0492905043 0.3274497390 0.0729778931 0.1200023293 0.0423476584 0.0934168175 0.0306973830 0.7608411908 0.0566944554 0.0374856219 0.0303635653 0.0686579496 0.1336268485 0.3669086695 0.5011327267 0.0747649670 0.0364743248 0.5063949227 0.5286529064 0.2991495728 0.0958432555 0.6522982121 0.1426076293 0.0493882969 0.2402966619 0.5526738763 0.1238905415 0.5134660602 0.6874521375 0.0769281462 0.1240331233 0.5207126141
0.1386465728 0.0549816340 0.0735946819 0.1531356126 0.1980728656 0.1292581856 0.2576122284 0.3128020167 0.0876019746 0.2916074991 0.1143529862 0.1026946902 0.4125185013 0.1426262408 0.2167237103 0.4285653830 0.3192344010 0.3080664873 0.5334526896 0.0467638969 0.1926294714 0.1700942367 0.1512324214 0.3139328361 0.3665875196 0.2154262364 0.5023375750 0.0507976376 0.1924684048 0.0461654104 0.3451383114 0.3346518576 0.3430387378 0.0727287754 0.3368733227 0.2683548033 0.2397759706 0.3225478232 0.4812634587 0.1809073389 0.2518636882 0.1434066296 0.4006286561 0.1823453009 0.3095628023 0.1487198025 0.1168831885 0.3745375276 0.4302472770 0.0510338694 0.1658755243 0.1274622232 0.2774524689 0.0988406166 0.1943788975 0.3122101426 0.3688037992 0.1692526937 0.4735769331 0.1328202337 0.0818882212 0.3142705262 0.5902135968 0.1421414912
0.6606699228 0.6003105044 0.1862995327 0.0363938734 0.1385125071 0.7475464344 0.1695252955 0.1615359783 0.5760893822 0.0327043235 0.6251752377 0.4040989876 0.0626126155 0.1535665393 0.0961163715 0.0794574320 0.0819572732 0.0334145203 0.1380812973 0.6984250546 0.1908782870 0.4686741829 0.5733124018 0.0998715237 0.1043266356 0.6658214331 0.0439451300 0.5745065808 0.0840866491 0.5488227606 0.2710111737 0.1392160803 0.0624555647 0.3382955492 0.1775838137 0.1278337836 0.2118196040 0.1044048220 0.0619472899 0.8334136605 0.1069988683 0.0412760451 0.0644616410 0.0676633492 0.2665482163 0.4482090473 0.5274078846 0.0705517381 0.0510364436 0.5628855824 0.6180680990 0.2584774196 0.1970866621 0.6601645947 0.2820779979 0.0997167453 0.3764778078 0.5324642062 0.2053100169 0.5273544192 0.6941881180 0.1461818814 0.1939228475 0.5533513427
0.1317508817 0.0381625853 0.1854078770 0.1574074179 0.2453769892 0.0566327050 0.2198152393 0.3459463120 0.0736146271 0.2498751283 0.0404561535 0.1286143959 0.3488280475 0.2656593323 0.2323587388 0.3581213951 0.2942005098 0.2150234580 0.3774628639 0.0100541506 0.2284144461 0.0850359648 0.1273193657 0.2992660999 0.3891282678 0.1596526802 0.4809031188 0.0323520638 0.2429895997 0.0766609609 0.3943005204 0.2575694323 0.2973333597 0.1286060363 0.2826797962 0.2662272155 0.2825628221 0.3307818174 0.4194278717 0.0721065253 0.2433928996 0.1334629953 0.3224834502 0.2530760467 0.3153961897 0.2158823907 0.0672169030 0.3721014261 0.4078151882 0.0862546936 0.0919381753 0.2162925303 0.3871430755 0.0122047383 0.2090746313 0.3692628443 0.3833202124 0.1269215494 0.4476933479 0.1642476618 0.0151535012 0.1760302186 0.4609125257 0.0466233902
0.5646793246 0.5623410940 0.1844187826 0.0263530388 0.1550744474 0.6952346563 0.1645438969 0.1685151458 0.4480397701 0.0372599997 0.5238736272 0.3697770834 0.0765232295 0.1694552004 0.0953337401 0.0666758418 0.0969230607 0.0545989051 0.1269313097 0.6443585157 0.1997636706 0.3899800777 0.4679538012 0.0938475281 0.0927601978 0.5309274197 0.0220970362 0.5322376490 0.1300556213 0.4897881746 0.2330626100 0.1431512088 0.0762447491 0.3185757697 0.1762280166 0.1231688634 0.2021844834 0.0920900106 0.0752528533 0.7683819532 0.1105685532 0.0274587162 0.0858177096 0.0604408309 0.2836329639 0.3949547410 0.5192955732 0.1080519781 0.0307744723 0.5790607929 0.5025603175 0.2570328116 0.1886877120 0.5824881196 0.2913685739 0.0946378931 0.3532440364 0.4960658550 0.2415617555 0.4268464744 0.6598387957 0.1236712858 0.2133592218 0.4439693093
0.1832882613 0.1648513079 0.1612870693 0.2349448502 0.1965459138 0.0982025042 0.3300459683 0.3634592891 0.2171696126 0.4179300666 0.1248851418 0.2888777256 0.4142248034 0.1555527300 0.3042304516 0.2907606065 0.3494927287 0.3304804265 0.4983372092 0.0622766912 0.1445846856 0.1470111310 0.1933961362 0.3715471029 0.4553653598 0.3451714218 0.5841491222 0.0991142392 0.2271651328 0.1245176271 0.3810420036 0.3158858120 0.2495422363 0.0612612739 0.3311260641 0.3164299428 0.3248886764 0.3896666765 0.5587323308 0.1136140823 0.2452152967 0.3275192976 0.4228600562 0.4140863121 0.2168457657 0.1103773266 0.1655589640 0.2320284545 0.4943705797 0.1532647163 0.1204286292 0.1041557863 0.2365338653 0.0586137697 0.1640542448 0.3451099694 0.4635716677 0.1885124743 0.3993710876 0.3003867269 0.0569299385 0.3023108840 0.5893868804 0.2334821224
0.6096096039 0.5707919598 0.2212044150 0.0293039866 0.1459007561 0.7376715541 0.1601848304 0.1830955595 0.4808275998 0.0235515498 0.5652550459 0.4134920239 0.0595787577 0.1417990625 0.0867412835 0.0714940429 0.0681004375 0.0348467119 0.1019484550 0.6560225487 0.1700624526 0.4418760538 0.5051459670 0.0835175514 0.0795349702 0.5922932029 0.0218509883 0.5439283848 0.1158940271 0.5035364032 0.2144873440 0.1382402331 0.0582084395 0.3362079263 0.1600464880 0.1090881750 0.1699178517 0.1109203845 0.0537870079 0.8148022890 0.1116223931 0.0291590709 0.0617877431 0.0514587536 0.2192352563 0.4634568095 0.5114143491 0.1040018648 0.0331610739 0.5658714771 0.5483320951 0.2518630624 0.1946996450 0.6117522717 0.2472436577 0.0893351883 0.3078433871 0.5284629464 0.2333444506 0.4768407643 0.6843233109 0.1180028617 0.1687721014 0.4809839129
0.1472658515 0.0336804017 0.0956249461 0.1799415499 0.1903315037 0.0830349997 0.2239803225 0.3318554759 0.1678775847 0.3528839648 0.1629857421 0.1469970495 0.3518555462 0.1387875080 0.2109321803 0.4532852173 0.3701587915 0.2563955784 0.4289962053 0.0593513772 0.1483243555 0.1604039371 0.1136279106 0.3886127472 0.3416237831 0.2276351750 0.4950450063 0.0505786911 0.2043130100 0.0876136646 0.4018049240 0.3051694930 0.2512415349 0.0358865000 0.2766512632 0.2635143101 0.1955226660 0.3842631876 0.4605589509 0.1402587593 0.2799288929 0.1698288769 0.3504174948 0.2648967206 0.2731178701 0.1383231133 0.1369720995 0.4085954428 0.4104948640 0.0575286634 0.1458453536 0.1689151824 0.3284846544 0.1343517751 0.1538980752 0.3858835697 0.4128515124 0.1395208240 0.5099757910 0.2048773617 0.0918370411 0.2858208418 0.5432463884 0.1038343608
0.7042889595 0.6025429964 0.1712638885 0.0223199986 0.2124600112 0.7786523104 0.1208184808 0.1529781520 0.5561801791 0.0318858549 0.6254113317 0.4526160955 0.0616264269 0.1893383861 0.0671898723 0.2250288129 0.0837254524 0.0355731249 0.1324140429 0.6884330511 0.1831738055 0.5042120814 0.6095971465 0.0975732058 0.1102693379 0.7089309692 0.0344174504 0.6189047098 0.1434787959 0.5309063196 0.2638511956 0.1534840763 0.0675505102 0.3236896992 0.1639137566 0.2068629563 0.2165681124 0.1686543822 0.0766608641 0.8551065922 0.1431428194 0.0356009714 0.0869997516 0.0785542354 0.2590999603 0.3949676454 0.5355379581 0.2145455331 0.0523603559 0.5932208300 0.6506991982 0.2575118542 0.2276952267 0.6596869826 0.2368655950 0.1309143454 0.3676606417 0.5254923701 0.1814996451 0.5050653219 0.6961967945 0.1979351640 0.2200730592 0.5628959537
0.1816558540 0.0882876515 0.1318507940 0.1532599628 0.1731692851 0.0986968577 0.3568199575 0.3825790584 0.2113880068 0.4274851382 0.0759672150 0.1801905632 0.5093411803 0.1800302416 0.2959490120 0.4496002197 0.3358376622 0.3511239886 0.5431098938 0.0611380637 0.2345291376 0.1710213423 0.1768952310 0.4156801105 0.4618536830 0.2283106446 0.6350782514 0.0629031956 0.2436495721 0.1530664861 0.4254811406 0.3105770350 0.3427309990 0.1195981801 0.3676018119 0.3558754027 0.3434321284 0.3610169888 0.6430505514 0.0831164420 0.2379020751 0.2809532583 0.4143670499 0.3377571106 0.2686844468 0.1091776788 0.0694933608 0.3532804549 0.5029172897 0.1045526490 0.1589947641 0.1046346575 0.2842480540 0.0445083380 0.2124340981 0.4191011190 0.5265025496 0.1638356298 0.4932045341 0.2155015171 0.0102340551 0.1916356385 0.6485549212 0.1540547311
0.6666316390 0.6112295389 0.1468809098 0.0161824673 0.2168861777 0.7681306005 0.1995702982 0.2119707316 0.5109959841 0.0279505141 0.5988465548 0.4236595035 0.0539980903 0.1754294634 0.1005900055 0.1715203822 0.0862345845 0.0390842818 0.1658898890 0.6948890686 0.2142053545 0.4280582666 0.5620148182 0.1256277263 0.0819529667 0.6612628698 0.0375899449 0.6091429591 0.1713666469 0.4858800769 0.2957320213 0.1644067764 0.0846920833 0.2894135118 0.2164720893 0.1927159578 0.2079880089 0.1703732610 0.0778093934 0.8414216042 0.1741171926 0.0408763476 0.0760090500 0.0785577446 0.2741413116 0.4255795479 0.5462732911 0.1758644581 0.0196009409 0.5776244998 0.6245570779 0.2667075396 0.1945028156 0.6173132658 0.2836753726 0.0837677121 0.3614154458 0.4657713771 0.2189746648 0.5123837590 0.6693462133 0.1531434059 0.2179788202 0.5341950655
0.1762782037 0.0647152811 0.0822517723 0.1803820729 0.1874918789 0.1987412870 0.2327685058 0.3138958812 0.1834633797 0.3040082455 0.1858503520 0.1799789965 0.3618972898 0.2074866593 0.2317292541 0.3846492171 0.2408830374 0.2675311267 0.3957366347 0.1120345592 0.1702015996 0.1966952384 0.1830963939 0.3065582812 0.3159877658 0.2589953542 0.4558125734 0.1017574370 0.2049060911 0.0942159593 0.2692259252 0.3360774517 0.3312880695 0.1500579119 0.2594738007 0.1946588010 0.1854984015 0.3053852320 0.5110809207 0.1832608879 0.3010631204 0.1929129064 0.3783026934 0.2256058604 0.2078445554 0.1489010304 0.1356192976 0.3979432881 0.3794898987 0.0455608368 0.2803944051 0.2803582847 0.2743105292 0.1143973172 0.1638895571 0.3081182241 0.2975263000 0.1459947824 0.4313928187 0.1460221857 0.0518615544 0.2108126730 0.4435664117 0.1581796706
0.3847882748 0.4969808459 0.2253378779 0.0184101034 0.1169710606 0.5192310810 0.1257757545 0.1561316997 0.3670493066 0.0427914001 0.3651721776 0.3301991522 0.0706809759 0.1021556035 0.0742854774 0.0478851572 0.1106795147 0.0274796784 0.1075053811 0.4842023253 0.1570210755 0.3769075572 0.3068221807 0.0495751835 0.0804425031 0.3210014701 0.0250863787 0.4334479570 0.0128081404 0.4385924637 0.1612803638 0.0997825041 0.0546074957 0.3221080899 0.0999602675 0.0949724466 0.1442132592 0.0569830723 0.0593905784 0.5874897242 0.0667786077 0.0365522727 0.0505508594 0.0551693365 0.2160017341 0.4281248152 0.4154083729 0.0442967340 0.0103783868 0.4959519506 0.3626046181 0.2890468240 0.1079557613 0.3959492743 0.2678132653 0.0665722862 0.2716517746 0.4922825992 0.1870992482 0.4002057910 0.5166664124 0.0970938206 0.1888348460 0.3353407085
0.1543178260 0.0543001518 0.1637749374 0.1611299217 0.2385811806 0.0364660211 0.2620839179 0.3243659735 0.1720331758 0.4369707406 0.0734818056 0.1582299173 0.4986835718 0.0990986973 0.2725562751 0.3839726448 0.3629237115 0.2871865332 0.5213931799 0.0643287674 0.1477896273 0.1602883339 0.1381800622 0.4084444940 0.4205563068 0.1595385224 0.6323567629 0.0535540879 0.2382961512 0.1558796316 0.4554349780 0.3339852393 0.3771063387 0.1435682923 0.3167207241 0.3586929739 0.2097256482 0.3753069043 0.6110411882 0.1094736531 0.2492953241 0.2764675319 0.4535015523 0.3769690692 0.2545630038 0.1559657156 0.0718997493 0.3533526659 0.4620310068 0.1272782534 0.1113259643 0.0880140290 0.2195447236 0.0698314160 0.1847862601 0.3020429015 0.5351688862 0.2264157683 0.4686296582 0.2388985902 0.0387458093 0.2423640788 0.6675640941 0.1323256791
0.5151078701 0.5735909343 0.2237720639 0.0238538105 0.1353011429 0.6663916707 0.1708380729 0.2075626999 0.5061912537 0.0260939766 0.5087718368 0.3679392040 0.0612702779 0.1468889415 0.0949742123 0.0948000699 0.0970577449 0.0547568835 0.0805877224 0.5777024627 0.1756531149 0.3645599782 0.4710125327 0.0748760030 0.0729620978 0.5069162846 0.0286133960 0.4487443268 0.1343914866 0.4993807077 0.1625530273 0.1627061218 0.0685424805 0.3297629356 0.1637746394 0.1107005179 0.1983784884 0.1159313992 0.0635810345 0.8135858774 0.0864945352 0.0369765274 0.0663480684 0.0526161566 0.1939216554 0.4346894920 0.5245902538 0.1015454605 0.0274157226 0.5743173361 0.4564854503 0.2777104676 0.2392800748 0.5734236836 0.2393275052 0.1054324433 0.2910130918 0.5217816234 0.2426895201 0.5126633048 0.6870524883 0.0889063179 0.1669259369 0.4061687291
0.0931162015 0.0545203313 0.0678364336 0.3272654414 0.1861312687 0.1289441437 0.4168305099 0.4184614718 0.1300639212 0.4346200228 0.1603331715 0.1402485222 0.4950022697 0.1183748022 0.2928642035 0.5392338037 0.4863834977 0.4075129628 0.5858870745 0.0743662864 0.1090181619 0.2683053017 0.1070263386 0.4517397285 0.4558520317 0.2036195993 0.7398255467 0.0258079376 0.2711365819 0.0824716911 0.4587182999 0.4313988388 0.3228554726 0.0842552111 0.4750666618 0.3107252121 0.1962304413 0.3897200823 0.6503116488 0.1588989645 0.2814654410 0.3114449978 0.4865623713 0.2890860736 0.2301004231 0.1088613123 0.1017677486 0.5080295205 0.6186169982 0.0773227885 0.1813265383 0.2790098488 0.3928241730 0.1184820086 0.1515645981 0.4700388312 0.4892868400 0.1955031008 0.5550953746 0.1112516075 0.0973518193 0.2844253480 0.6887047291 0.1611185223
0.2070855796 0.1014659032 0.1755335927 0.2866863608 0.1292105764 0.0504440814 0.3279028535 0.4566071928 0.2694561481 0.4413607419 0.1698634028 0.2250468284 0.5084632039 0.0704425424 0.3336183429 0.4398816824 0.5716180801 0.3594138324 0.6638020277 0.0169971995 0.2076317966 0.1820669323 0.1829631776 0.4814162552 0.5249662399 0.2654486597 0.6445191503 0.0641322806 0.2661578059 0.1846959442 0.5017827749 0.3335212171 0.3721402287 0.1769778877 0.4382351041 0.3457020223 0.2774481773 0.4191245437 0.5994023085 0.1726515144 0.2887148857 0.2935229242 0.4866836071 0.3766274750 0.3555013835 0.1905969232 0.1509733796 0.4260851145 0.5988771319 0.1383488774 0.1030086428 0.1947924048 0.2427184433 0.1202325746 0.2694746852 0.3843063116 0.6178537607 0.2779111564 0.5305835009 0.2635433674 0.1022743359 0.2640102506 0.6562538743 0.1301427633
0.1305416226 0.1051711962 0.2372804284 0.3047410846 0.1514046490 0.0920899510 0.3040519655 0.3360019922 0.1238932610 0.3644324541 0.1788213700 0.1425786018 0.3886519372 0.1396931410 0.3001528382 0.5187138319 0.4746778309 0.3377104700 0.4896756709 0.0479827411 0.1921295375 0.2684041262 0.1875984818 0.3665901124 0.4074176550 0.2057680041 0.5372309089 0.0312107895 0.3187227249 0.0594927967 0.4134035707 0.3554803729 0.3131318688 0.2553861439 0.3396845162 0.2459641695 0.2034392953 0.4123258293 0.4957749546 0.2012649179 0.4182267785 0.2193936855 0.4076937437 0.3194023967 0.3023487031 0.2079767287 0.1669205874 0.5388367176 0.5079584122 0.1374562681 0.1300112158 0.3642328382 0.2764648199 0.1268887222 0.2163610607 0.2665600479 0.3893773556 0.3534319699 0.5397334099 0.3002279401 0.1395795047 0.1529944092 0.5270493031 0.1216991171
0.0532548167 0.0451516211 0.2298344672 0.2284919769 0.2223593891 0.0767912567 0.3513691425 0.3922773898 0.0446814485 0.3458869159 0.0943357050 0.1181287840 0.4429433942 0.1411493719 0.2413266897 0.3736903369 0.3796508014 0.3506092131 0.5113888979 0.0118584419 0.2266152203 0.2248534411 0.0749129206 0.3773765564 0.3999603391 0.1797344983 0.5749778152 0.0378412604 0.2821429372 0.0408588871 0.3830424547 0.2780901194 0.3783817887 0.2294296026 0.3657023609 0.2282346487 0.2001566738 0.3504543602 0.5127478838 0.1196162254 0.3388712406 0.2044178098 0.4582967758 0.2754270136 0.3526582122 0.2173473388 0.1048965454 0.4379102886 0.4952549338 0.0861524642 0.1334919930 0.2711508572 0.2316167057 0.0549071059 0.2322780788 0.2659971118 0.4274761081 0.2961411476 0.5171461105 0.1340968162 0.0462740026 0.2265068442 0.5339561701 0.1153205931
0.1665988564 0.0635622069 0.1865569353 0.2116185278 0.1720665097 0.0981746614 0.2790975273 0.3513023853 0.1804175973 0.3447969556 0.1322520077 0.1989708394 0.4139845967 0.1195937246 0.2402960807 0.4561938047 0.3788577914 0.2835889757 0.5246925950 0.0197734684 0.1770162880 0.1850182563 0.1802902669 0.3245124817 0.4095903337 0.2539173067 0.5738408566 0.0384607986 0.2401505709 0.1199825406 0.3891261816 0.2307803184 0.3682997823 0.2019003630 0.3384149969 0.3467071652 0.2770393491 0.3665814400 0.5237306356 0.1809321046 0.2318973690 0.1917027384 0.4106865525 0.2000588477 0.2896722257 0.2358344793 0.1509631127 0.4061065912 0.4750222564 0.1354636252 0.1324791759 0.2689402699 0.1820240468 0.1077978164 0.2343598306 0.2410399914 0.4899223745 0.2912292182 0.4657094777 0.2463632226 0.1031723469 0.1867207140 0.5770994425 0.1481918842
0.1533572227 0.0653267279 0.2007688284 0.2399052382 0.1964479834 0.0973562077 0.1867755353 0.2920228541 0.1369701922 0.2110379934 0.1647484899 0.1059776917 0.2811356187 0.1406352073 0.1900185049 0.3192773163 0.2441116273 0.1913059652 0.3203521967 0.0290120989 0.1230261177 0.1348095983 0.1399739087 0.2019194663 0.2435354590 0.1560333967 0.4406138062 0.0377943963 0.2140805125 0.0250914842 0.2728888392 0.2823723555 0.2041980922 0.2339195162 0.1933724135 0.2201383263 0.1952120960 0.3258755207 0.3332609534 0.1571124047 0.2902731001 0.1771746278 0.2942767143 0.2753892839 0.3157099485 0.2139607072 0.1141816005 0.2971272469 0.3930929601 0.1079297587 0.1531313062 0.3176528215 0.1423693895 0.1341622919 0.1949403286 0.1353965700 0.2970364392 0.3051620126 0.3728571534 0.1568169147 0.0844053850 0.1834565252 0.3253311217 0.1038519442
0.0506584421 0.0578755960 0.1500433832 0.2313711345 0.2023929060 0.0533840843 0.2737642825 0.3743651807 0.0940828845 0.2625799775 0.1185172498 0.0947220996 0.4522676468 0.2368427664 0.2386199683 0.4011595249 0.2501099408 0.2928947806 0.4501558542 0.0302414931 0.2555249929 0.1879843622 0.1039890200 0.3308883309 0.3322162032 0.1041122526 0.5458458066 0.0683408901 0.2762424648 0.0460324436 0.4262067676 0.2693839669 0.3577063084 0.1709385961 0.3062129319 0.2569036186 0.3284409940 0.4000908732 0.3887001276 0.0819009691 0.2920738161 0.1949382424 0.4321725070 0.3474998772 0.3776237667 0.1319553107 0.1119952425 0.3969847560 0.4640639424 0.0570031367 0.1445217133 0.1991045177 0.1945510507 0.0655751079 0.2779040039 0.2674250007 0.4193595946 0.1797297895 0.5022443533 0.1347679496 0.0371144749 0.1310885549 0.3490343094 0.0736875013
0.1396884620 0.0494924933 0.2542245388 0.1431098580 0.2265640944 0.0477917045 0.2392004877 0.3436639607 0.1155179739 0.3454418480 0.1067094058 0.2024671286 0.4213250279 0.0860821232 0.1639343798 0.3929691911 0.3572406471 0.2398766428 0.4924846292 0.0089850528 0.1795411855 0.1001012549 0.1147638038 0.3521087468 0.3586358130 0.2046593130 0.5233475566 0.0546220839 0.2713155150 0.1037919223 0.4528406262 0.2270928323 0.2985095680 0.2713302970 0.2871749401 0.3559688926 0.2226708382 0.3518869877 0.5120242238 0.0630802661 0.2964077592 0.1949371099 0.3668742776 0.2580535412 0.3236262500 0.1749152243 0.0750457421 0.4037404358 0.4037516117 0.1358035803 0.0433770195 0.1880390942 0.0752568543 0.0565783456 0.2507393062 0.3063062429 0.4712807536 0.2244614065 0.4242860079 0.1429054141 0.0531194098 0.2325470299 0.5639735460 0.1143280268
0.1114599705 0.0386135913 0.2047094405 0.1279470772 0.1543552279 0.0250838883 0.2390287817 0.2889887393 0.0666482970 0.2685362399 0.0816380307 0.1803130656 0.3738832772 0.0663633794 0.2060466558 0.3376793861 0.3356317878 0.2867385447 0.4445465505 0.0013295030 0.1576784700 0.1526191384 0.1330122203 0.3285592496 0.2552035749 0.1699721366 0.4630734921 0.0281787589 0.1959471405 0.0651401877 0.3679309487 0.2670438290 0.2237030119 0.1427658498 0.2538623214 0.2242126167 0.1259332299 0.2752362192 0.4322044253 0.0850117579 0.2417222559 0.1734370887 0.3154342771 0.1893814057 0.3179356456 0.1172385737 0.0795055628 0.2793240547 0.3539326191 0.1049677432 0.0491422154 0.1197088435 0.1096463203 0.0327084064 0.2465289533 0.3031781614 0.4139638245 0.1183820888 0.4062192738 0.1749364734 0.0293782428 0.1935711652 0.4320737123 0.1078117639
0.1075153947 0.1074694246 0.1379390806 0.2010144293 0.1620190144 0.1278491616 0.2212505192 0.2856820524 0.1632801294 0.3211621642 0.1365628690 0.1753507853 0.4129522741 0.0832369030 0.2507772148 0.4081558883 0.3568040133 0.2775359154 0.4523199797 0.0744570494 0.1514246464 0.1790253669 0.1096809953 0.3431222737 0.3359716833 0.2101009041 0.5232375264 0.0578895062 0.2636774480 0.1120257229 0.3634492755 0.3546315432 0.2188693881 0.1419759691 0.3292348981 0.2195516825 0.2026830465 0.3793308735 0.5357723832 0.1607281864 0.3139524758 0.2086145133 0.3295702934 0.2459210753 0.2512398362 0.1304014027 0.1799536645 0.4195366204 0.4711915851 0.1058858410 0.1424830854 0.3901644945 0.1580521464 0.1067720056 0.1916075051 0.3438102603 0.3556083143 0.2283038050 0.4175241590 0.2358920574 0.0606405213 0.1194618568 0.4693916142 0.1006490290
0.0884251967 0.0485233180 0.1282630116 0.2253082097 0.1709963083 0.0751012042 0.2827084064 0.3242417872 0.1157172620 0.2970295548 0.1456492543 0.1357735693 0.4352223873 0.1139225289 0.2552735806 0.4606328011 0.3405326605 0.3324148953 0.4959870279 0.0254349820 0.1654874235 0.2100723684 0.1203979105 0.4088383615 0.3908804059 0.1881551743 0.5717585683 0.0564476848 0.1564552188 0.0761758536 0.4252138436 0.3604632616 0.3650083244 0.0782027543 0.3804294169 0.2907306254 0.2332177162 0.3530559540 0.4921476841 0.1296825111 0.2434094101 0.2096465081 0.4212369323 0.3061819673 0.2976764739 0.1702892333 0.1286966205 0.3600420356 0.4694594741 0.0479734764 0.1281090379 0.1519692540 0.2694660425 0.1200595796 0.2222317308 0.3692760170 0.4263823628 0.1831656992 0.5145631433 0.1850696504 0.0770011470 0.2211856693 0.5516474843 0.1036752909
0.6566206217 0.5841435194 0.2285939157 0.0266370177 0.1613788307 0.7598187327 0.1191947833 0.1482431889 0.6012718678 0.0237536449 0.6353371739 0.4104399085 0.0408005863 0.1404602081 0.1022057086 0.0568900779 0.0649823248 0.0048805824 0.1098288894 0.6962279081 0.1789077818 0.5110368729 0.5575061440 0.0714027137 0.0960951969 0.6053450108 0.0189583488 0.5521188974 0.1033620685 0.5752193332 0.2425718904 0.1213814914 0.0389679931 0.3511840701 0.1048854589 0.1365469396 0.1910051107 0.1098035723 0.0668058023 0.7932519317 0.1185196936 0.0216166414 0.0465527251 0.0459749624 0.2400889844 0.4825540185 0.5317146778 0.0806011632 0.0517894402 0.5235756636 0.6220601201 0.2649210989 0.1402079910 0.6561401486 0.2671056092 0.0551626459 0.3577580452 0.5801865458 0.1893656999 0.5582344532 0.6950624585 0.1112042069 0.2009486556 0.5637777448
0.1590076387 0.1043011770 0.1532876194 0.2202754319 0.1293802410 0.0528164208 0.3203175366 0.4416593611 0.1949597746 0.3977913857 0.1020325720 0.1967817396 0.5262050033 0.0904240236 0.3046906590 0.4611631036 0.4653398991 0.3594484925 0.5404806137 0.0856250450 0.0972631425 0.1676958352 0.1737321317 0.3821539283 0.4176723957 0.2283999175 0.6445250511 0.0679899380 0.2429153621 0.1525362134 0.4487107098 0.2361920327 0.3082373440 0.1812330335 0.3631681204 0.3766757846 0.2226831466 0.4435275495 0.6034701467 0.2055941522 0.2362106442 0.2891938388 0.4711480141 0.3491575420 0.2387265414 0.1108992919 0.1060704961 0.3541744351 0.5644032359 0.1373631209 0.0983423889 0.1809748858 0.2742826939 0.0619227439 0.1702075899 0.3362594843 0.5729448199 0.2494513392 0.4229614735 0.1839844733 0.0405826755 0.2884370089 0.6766343713 0.1566220969
0.7971975803 0.6195755005 0.1505783498 0.0274106599 0.1446375251 0.8347547054 0.2101254910 0.1732626855 0.6361476183 0.0174186956 0.7403207421 0.4674967527 0.0571320765 0.1432973295 0.1079599261 0.1284697950 0.0692339614 0.0401516743 0.1131335199 0.7368198633 0.2093659639 0.4656699598 0.7138172388 0.1267707795 0.0590045787 0.7511454821 0.0256741680 0.6306605339 0.1306394190 0.5311799049 0.2884165645 0.1780054122 0.0612500198 0.3186893761 0.2308260202 0.1205393225 0.1811775267 0.1404833794 0.0509047322 1.0049408674 0.1569314301 0.0229295120 0.0529741608 0.0812457427 0.2602133155 0.4549214244 0.5774680376 0.1426466554 0.0370285660 0.5919799209 0.6855912209 0.2298927903 0.3225596249 0.7562899590 0.2778598666 0.1182496324 0.3682940304 0.5192531347 0.2580142617 0.5920415521 0.7740007043 0.1278014481 0.1620342135 0.6066133976
0.1724631488 0.0563247539 0.1079120710 0.2194918692 0.2670992315 0.1756836325 0.2561590970 0.2863522172 0.1291156411 0.2194081694 0.1470780075 0.2073442936 0.4821290374 0.1563052386 0.2154210806 0.4350147247 0.2983463705 0.2861793041 0.5024472475 0.0944825113 0.1908027977 0.2113613635 0.1671698391 0.2589215040 0.3100340366 0.2236723304 0.5269811153 0.1527310610 0.2158215046 0.0573016256 0.3442940414 0.3212154806 0.3123887777 0.1781645715 0.3569787741 0.2292242050 0.2344699800 0.3931312263 0.4787023365 0.1765305996 0.3477614522 0.1639282405 0.4653535485 0.2503316104 0.3564711213 0.1174504161 0.1113274395 0.3670962751 0.4198917747 0.0510269105 0.2610691190 0.2106557488 0.2945659161 0.0971811339 0.2374540567 0.2746824920 0.3158764243 0.1088758931 0.4268919826 0.1065700278 0.0234239604 0.3082078099 0.5258591771 0.1724581867
0.5074133873 0.5061178803 0.2153954059 0.0184765980 0.1596160233 0.6803391576 0.1477839798 0.2004825920 0.3632785082 0.0306606553 0.4244167805 0.3775337636 0.0562652573 0.1511198878 0.0841804594 0.0536995903 0.1031584889 0.0376881883 0.0942447633 0.6096286178 0.1916040778 0.3795776069 0.3861704767 0.0881420970 0.0664340109 0.4732775092 0.0310246050 0.5107111335 0.1368699521 0.4246011972 0.1694585532 0.1144641563 0.0451269224 0.3270555437 0.1357586384 0.1159275696 0.1776228547 0.1038263589 0.0584466569 0.6761605740 0.1003633887 0.0458586104 0.0606323183 0.0467237607 0.2103379816 0.4125389159 0.4424349070 0.1040647328 0.0125312135 0.5090036392 0.4594371617 0.2829141915 0.1224162877 0.4753609300 0.2251131535 0.0524111241 0.2743262351 0.5049342513 0.2171937227 0.3984129727 0.5552841425 0.0894393995 0.1767672002 0.3972816467
0.2762773931 0.2771809697 0.1481070369 0.0552485995 0.1889692098 0.2069713324 0.0534244031 0.0801644996 0.3554214537 0.0502335541 0.3223984838 0.1852999032 0.0328492038 0.1264417768 0.0538678207 0.0637639090 0.0316218771 0.0338501483 0.0577591360 0.1454094499 0.0503937975 0.2893248498 0.2847121954 0.0479636230 0.0741372630 0.2831794620 0.1029346809 0.1358924508 0.1033723205 0.2911161482 0.0894876570 0.1199339032 0.1329580992 0.2523972392 0.0451555960 0.0945089608 0.1187083945 0.1581739187 0.0366070233 0.2883959115 0.1135834977 0.0711540431 0.0520001613 0.1701735109 0.0936570168 0.1861392260 0.2102336138 0.1104917079 0.0400441550 0.1410316527 0.2585691810 0.1983172596 0.1506104618 0.3239178658 0.0349485986 0.0964531824 0.0655368939 0.1703254879 0.1756188720 0.2187959701 0.2770850360 0.0748754740 0.0456170887 0.2736716866
